#last edited by: Anik Chaturbedi
#on: 2022-06-09

antagonistBindingParameters<- c(
		A2=4.716e-08,
		B2=0.001333,
		n2=1.837
)