#last edited by: Anik Chaturbedi
#on: 2024-07-01

antagonistPKParameters <- c(
		F=0.1529,
		ktr=0.1,
		kin=0.001993,
		V1=73700,#ml
		kout2=1.585,
		k12N=4.226,
		V2=298800, #ml
		k2=0.001774, #(in 1/s) 
		molarMassAntagonist=339.435 #(g/mol)
)