#last edited by: Anik Chaturbedi
#on: 2022-01-14

antagonistBindingParameters<- c(
		A2=0.000167,
		B2=0.03959,
		n2=0.858
)