#last edited by: Anik Chaturbedi
#on: 2024-02-08

antagonistPKParameters <- c(
		F=0.6349,
		ktr=0.004741, 
		kin=0.0001775,
		V1=3224, #(in ml)
		kout2=89.26,
		k2=0.001774, #(in 1/s)
		molarMassAntagonist=327.27
)
