#last edited by: Anik Chaturbedi
#on: 2022-01-14

opioidBindingParameters<-c(
		A1=3.08E-5,
		B1=0.004331,
		n=0.8439
) 	    