#last edited by: Anik Chaturbedi
#on: 2024-06-28

opioidPKParameters <- c(		
		opioidMolarMass=336.4, #(in g/mol)
		opioidCentralVolume=293500, #109100, #(in ml)
		opioidPeripheralVolume=665900, #1374000, #(in ml)
		opioidTransferRate=0.002853, #0.004594, #(in 1/s) 
		opioidAbsorptionRate=0.00287, #0.004389, #(in 1/s) 
		opioidClearanceRate=23.47, #0.005318, #(in ml/s)
		opioidInterCompartmentalClearanceRate=422.6, #4.51, #(in ml/s)
		opioidKeo=0.003 #(in 1/s) 
)